
Negotiation Communication Statistics:

        Unnamed: 0          time   entity          mmsi       msg_in      msg_out    iter_time
count  1556.000000  1.556000e+03    1556.0  1556.000000  1556.000000  1556.000000  1535.000000
mean     37.947301  1.710598e+09       7.0   113.561054    25.576478     5.420308     4.953780
std      23.486682  5.414678e+05       0.0     1.870949    14.962373     2.616927     2.372871
min       0.000000  1.709566e+09       7.0   111.000000     0.000000     3.000000     3.000064
25%      18.000000  1.710878e+09       7.0   111.000000    16.000000     3.000000     3.149723
50%      37.000000  1.710881e+09       7.0   113.000000    22.000000     5.000000     4.149928
75%      56.000000  1.710883e+09       7.0   115.000000    32.000000     7.000000     6.100097
max      98.000000  1.710885e+09       7.0   116.000000   198.000000    13.000000    44.450235