
Negotiation Communication Statistics:

               time   entity         mmsi      msg_in     msg_out   iter_time
count  1.890000e+02     189.0  189.000000  189.000000  189.000000  179.000000
mean   1.710144e+09       7.0  111.502646   12.206349    5.449735    5.039937
std    5.821650e+05       0.0    0.501321    7.415823    3.597260    3.161549
min    1.709504e+09       7.0  111.000000    4.000000    3.000000    3.000287
25%    1.709723e+09       7.0  111.000000    8.000000    3.000000    3.100026
50%    1.709729e+09       7.0  112.000000   10.000000    4.000000    4.149810
75%    1.710838e+09       7.0  112.000000   15.000000    6.000000    6.100906
max    1.710839e+09       7.0  112.000000   61.000000   30.000000   30.999167