
Negotiation Communication Statistics:

               time   entity         mmsi      msg_in     msg_out   iter_time
count  1.600000e+02     160.0  160.000000  160.000000  160.000000  150.000000
mean   1.709771e+09       7.0  111.531250   11.043750    5.031250    4.590436
std    4.675628e+05       0.0    0.500589    5.188699    2.453138    1.738849
min    1.709504e+09       7.0  111.000000    4.000000    3.000000    3.000293
25%    1.709504e+09       7.0  111.000000    8.000000    3.000000    3.100069
50%    1.709583e+09       7.0  112.000000    9.000000    4.000000    4.100847
75%    1.709723e+09       7.0  112.000000   12.000000    6.000000    5.150002
max    1.710838e+09       7.0  112.000000   33.000000   13.000000   12.301139