
Negotiation Communication Statistics:

               time   entity         mmsi      msg_in     msg_out   iter_time
count  3.350000e+02     335.0  335.000000  335.000000  335.000000  320.000000
mean   1.710588e+09       7.0  112.041791   18.800000    5.310448    4.860270
std    5.321608e+05       0.0    0.825156    8.377615    2.294039    1.679086
min    1.709505e+09       7.0  111.000000    6.000000    3.000000    3.000239
25%    1.710848e+09       7.0  111.000000   12.000000    3.000000    3.148395
50%    1.710849e+09       7.0  112.000000   17.000000    5.000000    4.150413
75%    1.710849e+09       7.0  113.000000   23.000000    7.000000    6.149214
max    1.710850e+09       7.0  113.000000   62.000000   13.000000   12.399864