
Negotiation Communication Statistics:

               time   entity         mmsi      msg_in     msg_out   iter_time
count  2.100000e+02     210.0  210.000000  210.000000  210.000000  200.000000
mean   1.710082e+09       7.0  112.038095   10.804762    4.766667    4.430751
std    5.792682e+05       0.0    1.001662    4.824675    2.197831    1.577727
min    1.709503e+09       7.0  111.000000    4.000000    3.000000    3.000579
25%    1.709731e+09       7.0  111.000000    8.000000    3.000000    3.100051
50%    1.709732e+09       7.0  113.000000    9.000000    4.000000    4.100728
75%    1.710840e+09       7.0  113.000000   12.000000    5.000000    5.148498
max    1.710840e+09       7.0  113.000000   35.000000   13.000000   11.300710