
Negotiation Communication Statistics:

               time   entity         mmsi      msg_in     msg_out   iter_time
count  2.620000e+02     262.0  262.000000  262.000000  262.000000  252.000000
mean   1.710240e+09       7.0  112.038168   11.118321    4.912214    4.580961
std    6.278337e+05       0.0    1.001184    5.151101    2.249718    1.667935
min    1.709503e+09       7.0  111.000000    3.000000    3.000000    3.000382
25%    1.709674e+09       7.0  111.000000    8.000000    3.000000    3.099834
50%    1.710841e+09       7.0  113.000000   10.000000    4.000000    4.100028
75%    1.710841e+09       7.0  113.000000   13.000000    6.000000    5.199720
max    1.710841e+09       7.0  113.000000   36.000000   13.000000   12.399590