
Negotiation Communication Statistics:

       Unnamed: 0          time   entity         mmsi      msg_in     msg_out   iter_time
count  591.000000  5.910000e+02     591.0  591.000000  591.000000  591.000000  581.000000
mean    29.510998  1.710449e+09       7.0  111.521151   11.954315    5.368866    5.292242
std     17.905670  4.978573e+05       0.0    0.499976    6.577281    2.973210    5.000599
min      0.000000  1.709821e+09       7.0  111.000000    2.000000    3.000000    3.000130
25%     14.000000  1.709822e+09       7.0  111.000000    8.000000    3.000000    3.101194
50%     29.000000  1.710843e+09       7.0  112.000000   10.000000    4.000000    4.149713
75%     44.000000  1.710844e+09       7.0  112.000000   15.000000    6.000000    6.149191
max     75.000000  1.710844e+09       7.0  112.000000   60.000000   30.000000  103.899236