
Negotiation Communication Statistics:

               time   entity         mmsi      msg_in     msg_out   iter_time
count  6.600000e+02     660.0  660.000000  660.000000  660.000000  650.000000
mean   1.710249e+09       7.0  111.537879   11.177273    4.898485    4.743552
std    5.052388e+05       0.0    0.498941    5.239088    2.266802    2.077774
min    1.709816e+09       7.0  111.000000    2.000000    3.000000    2.997910
25%    1.709821e+09       7.0  111.000000    8.000000    3.000000    3.100297
50%    1.709821e+09       7.0  112.000000   10.000000    4.000000    4.101835
75%    1.710842e+09       7.0  112.000000   13.000000    6.000000    5.200152
max    1.710843e+09       7.0  112.000000   36.000000   13.000000   27.700157